X <- 2
X
Y <- 5
Y
 